-8.082717303492951032e+03 -2.184838880601735411e+02 1.096531193153352206e+03
-8.129441791316191484e+03 -6.241320753673581834e+01 1.091489542984879563e+03
-8.189552671189883768e+03 8.485506995581473255e-01 6.939936043815778248e+02
-8.166233574872533609e+03 4.844665895203480943e+01 3.601855545927868434e+02
-8.171117585621340368e+03 8.141539426934745904e+01 2.793345016882757932e+02
-8.044815894649188522e+03 -3.521943007314390570e+02 1.100509295051892877e+03
-8.119692804678632456e+03 -4.628237901159190528e+02 6.540074875055253187e+02
-8.062597015145572186e+03 -4.871263397647398392e+02 2.952371015179473943e+02
-8.077146953537963782e+03 -5.209997041453046904e+02 2.192071338886624687e+02
-8.104647009059865923e+03 -2.531015007672094441e+02 1.406083940118000328e+03
-8.161362106530215897e+03 -2.942836504379348526e+02 1.704881049555600839e+03
-8.170492388832440156e+03 -2.914904789852887461e+02 1.862495732319738863e+03
-8.221154054664448267e+03 -1.568293834515030483e+02 1.658857152664409796e+03
-8.583622489799870891e+03 -1.569221142403203260e+02 1.562618367619833862e+03
-8.524122497282471159e+03 -4.045787566290171071e+02 1.768665331766336294e+03
-8.130040062221847620e+03 -4.768984116852758461e+02 1.638446499236165209e+03
-8.312598902645027920e+03 -7.254801117823575396e+02 1.578471641092211485e+03
-8.524675442951611330e+03 -5.588000561861141477e+02 1.737227131282133087e+03
