-8.166901255768372721e+03 -3.271055412672125158e+02 1.090660065866966306e+03
-8.205262268894182853e+03 -1.773319581530730886e+02 1.094532908937661432e+03
-8.246558806801649553e+03 -9.268279777513926376e+01 6.627366882247848707e+02
-8.184541940925118070e+03 4.744716051434082971e+01 3.501449249879257195e+02
-8.194062189985232180e+03 5.756489051021482339e+01 2.844103876074302661e+02
-8.136583813806123544e+03 -4.721544336717118426e+02 1.093014531635248886e+03
-8.225116097599835484e+03 -5.616659561559346230e+02 6.546642164897604061e+02
-8.119587598554832766e+03 -4.652100519251610535e+02 3.002774971120625764e+02
-8.130867262380334068e+03 -4.997447212327874126e+02 2.185634049804789356e+02
-8.186442076667547553e+03 -3.667019857044649598e+02 1.374349436256183708e+03
-8.281041616089398303e+03 -4.480660956785899316e+02 1.668580496195089154e+03
-8.293788030561860069e+03 -4.472286800178184762e+02 1.831877023602088912e+03
-8.378452804793205360e+03 -2.871358927318498218e+02 1.597076782227409467e+03
-8.381282557978749537e+03 -9.786557920814240674e+01 1.335985597673314032e+03
-8.461486082797386189e+03 -9.679849858518232963e+01 1.048294227808618189e+03
-8.100280160422440531e+03 -5.654925135684012503e+02 1.571115929961671327e+03
-7.934080645233152609e+03 -5.582221098046808265e+02 1.292647530106811928e+03
-7.810133990369414278e+03 -6.342896725470312731e+02 1.049043305172038572e+03
