-8.102178995024946744e+03 -1.969753719641054204e+02 9.022639115298878778e+02
-8.119072971359919393e+03 -3.188367733315297059e+01 8.959695351935379222e+02
-8.416070328577014152e+03 8.345640050402541021e+01 6.280469396722854754e+02
-8.220435344797406287e+03 5.879470993327766593e+01 3.271477299160362691e+02
-8.225457332203041005e+03 7.362035897543736951e+01 2.566466490631917168e+02
-8.079571438367722294e+03 -3.632057544636263060e+02 9.236385908458310041e+02
-8.306551360564615607e+03 -5.843601422885475358e+02 6.220941582930535105e+02
-8.090592448583673104e+03 -5.029069460189094798e+02 2.969231593080868947e+02
-8.103544762890308448e+03 -5.244085532324058931e+02 2.160734038076612080e+02
-8.130428634665155187e+03 -2.195582420331763842e+02 1.201318685725333808e+03
-8.213161348819818159e+03 -2.465501586368865503e+02 1.484067016468100064e+03
-8.196068055360696235e+03 -2.298533810586197887e+02 1.651700998229900279e+03
-8.246527735058156395e+03 -6.503027469619969736e+01 1.420246034044660519e+03
-8.608242277830015155e+03 -8.430615464656548852e+01 1.336094263110386237e+03
-8.568114200370251638e+03 -1.992799735447965759e+02 1.597350151263387488e+03
-8.204492097000027570e+03 -4.577274163692991920e+02 1.429105363021973290e+03
-8.479630039222549385e+03 -6.033698151152345872e+02 1.353603745135918871e+03
-8.583073948584193204e+03 -4.165310111084877462e+02 1.622322806069200396e+03
