-8.090755527901488676e+03 -1.811990318269097884e+02 9.338869041249021166e+02
-8.089443066300932514e+03 -2.006050934741771030e+01 9.183806809925503103e+02
-8.402617657095177492e+03 7.210910139072542790e+01 6.406118769276520197e+02
-8.241242898489159415e+03 5.096363002880552528e+01 3.491857956882906819e+02
-8.244579045698044865e+03 7.079838916179376440e+01 2.771169228473517592e+02
-8.064952121393677771e+03 -3.418492166390785201e+02 9.337909344177369348e+02
-8.274114445077726486e+03 -5.544575014330694103e+02 6.431108727074224589e+02
-8.118739220674440730e+03 -5.184916569155990373e+02 2.802075910352708661e+02
-8.122503873464801472e+03 -5.380270116210388096e+02 2.212437983072500174e+02
-8.113334592560509009e+03 -1.839781312300480067e+02 1.178542899304954517e+03
-8.244984138583246022e+03 -2.315608112404325141e+02 1.483656995546930148e+03
-8.248099792816898116e+03 -2.146659059401196714e+02 1.648534497571425163e+03
-8.239438113411968516e+03 -5.444859089692391763e+01 1.426268500592278997e+03
-8.465025468565860137e+03 3.607486286502727779e+01 1.147021339895017718e+03
-8.602122398630490352e+03 -7.920021911864166952e+01 1.316311954138303918e+03
-8.193095762208711676e+03 -4.128765007440342742e+02 1.413935633081001697e+03
-8.388810813489772045e+03 -5.201893461305060100e+02 1.239735971214176288e+03
-8.669923176133956076e+03 -3.842439812214742005e+02 1.353125894528016943e+03
