-8.101304808698636407e+03 -1.577758846992543340e+02 9.955657966253947961e+02
-8.082114471843154206e+03 -1.718355878888436550e+01 1.001964293926561595e+03
-8.304442739817181064e+03 7.326761227775865848e+01 6.479723144053792794e+02
-8.160736763970388893e+03 1.156571157203025990e+02 2.905096334498074953e+02
-8.153401489409071473e+03 1.384689325115974725e+02 2.190535400146209781e+02
-8.049987260974226047e+03 -3.577997133598123582e+02 1.014774348135568175e+03
-8.247178215858111798e+03 -5.261199241539305831e+02 6.717351052902640731e+02
-8.075913359457294064e+03 -4.903022091310523933e+02 2.928124590418453295e+02
-8.104681014563684585e+03 -5.136748003673686753e+02 2.239068517541874428e+02
-8.170698103865022858e+03 -1.889079242682528843e+02 1.295759362739825519e+03
-8.263090173313055857e+03 -2.062995550836105281e+02 1.552360473818212540e+03
-8.292128912281554221e+03 -2.066140508314746569e+02 1.728968202711520235e+03
-8.242113128560380574e+03 -2.632506215743001832e+01 1.487083592538213679e+03
-8.426170184184406025e+03 2.810707087560371420e+01 1.248902909201047351e+03
-8.648993622924357624e+03 -1.286061889361196506e+02 1.415731816530743572e+03
-8.207751018333290631e+03 -4.184369105759910212e+02 1.494295108418936707e+03
-8.384093220800505151e+03 -5.080839544054456951e+02 1.279618486877931218e+03
-8.685983663003398760e+03 -3.852870630353570505e+02 1.395075005101300803e+03
