-8.196782709341714508e+03 -4.687124345421990483e+02 1.128370642300613099e+03
-8.290830020044071716e+03 -3.644084338839088559e+02 1.138989233176336029e+03
-8.453284830657996281e+03 -3.514302259791605252e+02 6.928884314966263673e+02
-8.272849717860668534e+03 -1.900624573031597322e+02 3.599632090460617064e+02
-8.266401768230447487e+03 -1.926483719222799209e+02 2.798313274695894961e+02
-8.134930323428717202e+03 -5.673429798810368538e+02 1.114339310562274250e+03
-8.166866326023927286e+03 -5.563303233295523569e+02 6.664363735697279481e+02
-8.092634860043499430e+03 -4.455197561925330660e+02 3.011823920551480001e+02
-8.112103264791227957e+03 -4.797753733669792382e+02 2.172591302055972733e+02
-8.172599336314347056e+03 -5.063177639207607399e+02 1.437606374967372631e+03
-8.290734766569679778e+03 -5.986359902455017163e+02 1.707995399988301642e+03
-8.293486393197845246e+03 -6.199941534547926949e+02 1.869942607344428325e+03
-8.396021368265935962e+03 -4.371463835808506815e+02 1.639595884502526133e+03
-8.411354568597891557e+03 -2.462265001524066577e+02 1.371658327704164776e+03
-8.580694079833898286e+03 -2.821936814268121339e+02 1.132951203174816555e+03
-8.098017359112830491e+03 -7.161056892060986456e+02 1.611146222573665455e+03
-7.999367411908706345e+03 -7.244230976315144517e+02 1.319433091540191981e+03
-7.978841502991033849e+03 -8.501179685697609330e+02 1.062159414667319652e+03
