-8.116956761757262939e+03 -2.045667164043707658e+02 1.109970965086610477e+03
-8.165080121569669245e+03 -5.855090831359869696e+01 1.104751259278468524e+03
-8.179457616844464610e+03 -8.895261836211435735e+00 6.504554285887383003e+02
-8.118965177720231623e+03 9.019426232196755677e+01 2.925483402403549462e+02
-8.137784009245181551e+03 1.030080668400959354e+02 2.123084892725617863e+02
-8.085881812307088694e+03 -3.529839558736225058e+02 1.109967509555167908e+03
-8.154974725591189781e+03 -4.563584977378106373e+02 6.620429341313090390e+02
-8.059208962239782522e+03 -4.925486455264746155e+02 2.868501657822120023e+02
-8.066483801414099617e+03 -5.329525097157232949e+02 2.113012138423871988e+02
-8.142659434113719726e+03 -2.338650993397365880e+02 1.388917439387922059e+03
-8.237992467601809039e+03 -2.718829700385847445e+02 1.691085006101788395e+03
-8.257045113725727788e+03 -2.684844333938758041e+02 1.866286104122705183e+03
-8.311668941783507762e+03 -1.277705568427957417e+02 1.631250151375167434e+03
-8.321779909922790466e+03 4.327422406614912376e+01 1.371983770575023300e+03
-8.566601595184280086e+03 -1.038736044808721886e+02 1.231976698047471700e+03
-8.094033788309607189e+03 -4.449676467452812290e+02 1.616396475613001485e+03
-7.961348693138678755e+03 -4.828319251877754255e+02 1.353901005172123178e+03
-8.188510473530335730e+03 -6.710913746889565346e+02 1.235203526118822083e+03
