-8.131835223793454134e+03 -2.078418271541150375e+02 1.103767356526357389e+03
-8.162636394752154047e+03 -8.753933764366165349e+01 1.110357287518478415e+03
-8.184161391690521668e+03 -4.852307810306492719e+00 6.503183813594905587e+02
-8.118071054222361454e+03 8.245968051297009538e+01 3.066589268535036581e+02
-8.136591900965425339e+03 1.021029393264929723e+02 2.241905142930576744e+02
-8.101710486722604401e+03 -3.459535675358108620e+02 1.105261585837160737e+03
-8.170783978647951699e+03 -4.658628871905617075e+02 6.851530684132026181e+02
-8.076596190273494358e+03 -4.830396046665454719e+02 2.874098621573215269e+02
-8.091281892505382530e+03 -5.177404091414306322e+02 2.167744800676996419e+02
-8.173284047451687002e+03 -2.411427659818588154e+02 1.410807422924113780e+03
-8.253465254697752243e+03 -2.920912552791456847e+02 1.690647006428033592e+03
-8.242556992475692823e+03 -2.919946463498887965e+02 1.853320062087075030e+03
-8.328970266458694823e+03 -1.114942321325283530e+02 1.630468246745173474e+03
-8.332146757667391284e+03 4.534049730341224205e+01 1.352930614986956016e+03
-8.534460189403027471e+03 -1.101630394974535534e+02 1.158460452314767508e+03
-8.121007493722189793e+03 -4.564126886117896333e+02 1.610455730766647093e+03
-7.937037186088570706e+03 -4.647283981402903805e+02 1.336287391636824623e+03
-8.069978135436249431e+03 -6.470470949845687301e+02 1.157893375641497187e+03
