-8.094810225876522964e+03 -1.688999794321533443e+02 1.001730676215341646e+03
-8.088357365044617836e+03 -7.471002209048799969e+00 9.914026598634912943e+02
-8.329230797909203829e+03 5.833370954571265798e+01 6.472729243435302351e+02
-8.228144437612050751e+03 5.523146417417755316e+01 3.469594008600723782e+02
-8.221517803522468967e+03 7.713017321976418827e+01 2.697211000372324747e+02
-8.042454282070822046e+03 -3.540765761002165277e+02 1.013474869386190790e+03
-8.251905381040372959e+03 -5.174949642317193366e+02 6.533306543836478113e+02
-8.099381308986545264e+03 -4.958607659688944977e+02 3.030393994262514639e+02
-8.097560635413593445e+03 -5.179924251316041364e+02 2.174289012807947756e+02
-8.128302801404029196e+03 -1.999212238928589045e+02 1.270117449430141505e+03
-8.239372812063036690e+03 -2.048717490278380637e+02 1.527272049138575767e+03
-8.258009144019908490e+03 -1.881144879604180460e+02 1.709880607888040004e+03
-8.253714180638648031e+03 -2.321686130998659792e+01 1.480946572598081502e+03
-8.416622479474855936e+03 4.891008584433301110e+01 1.202910546558395708e+03
-8.627821954726978220e+03 -1.715614335223076239e+02 1.326837067472297576e+03
-8.205671613052716566e+03 -3.963304279309763842e+02 1.479725011634090606e+03
-8.356851129019090877e+03 -4.941790229408763935e+02 1.238909637369143411e+03
-8.691906620197019947e+03 -3.668238899113455886e+02 1.347723428653825295e+03
