-8.128041953510696658e+03 -2.250996890534282784e+02 1.112041970795852421e+03
-8.164805356100256176e+03 -9.215102559710946650e+01 1.113822207944380125e+03
-8.233548949879737847e+03 -3.678537710625394652e+01 6.868497829430452839e+02
-8.169711894396305979e+03 4.820012799353307997e+01 3.546821238391775069e+02
-8.175788421333553742e+03 6.675158533113680903e+01 2.784925886819143557e+02
-8.096258991465787403e+03 -3.600920079340572215e+02 1.125447863219337933e+03
-8.132474918807138238e+03 -4.531076463343022738e+02 6.651333684639599824e+02
-8.070033033037461792e+03 -4.883047473494470410e+02 3.072966216943383984e+02
-8.074244796583237985e+03 -5.125020379550081771e+02 2.423800084439275224e+02
-8.127379860557829488e+03 -2.461065949508748645e+02 1.496531413818877581e+03
-8.181937508976325262e+03 -2.910738012023749661e+02 1.727999051264082482e+03
-8.168595803023430562e+03 -2.850447589985186028e+02 1.896718567247760802e+03
-8.276770192961486828e+03 -1.407139996798525488e+02 1.716903343670863251e+03
-8.479271254288574710e+03 -2.302166628157557966e+02 1.931218268891055914e+03
-8.555683430057824808e+03 -3.187731412145650438e+02 2.200472202677028235e+03
-8.152575877115494222e+03 -4.591953173871272611e+02 1.707593594741697189e+03
-8.299570495737796591e+03 -4.958080159981879547e+02 1.927844151981735649e+03
-8.457319361879843200e+03 -5.040192934781882173e+02 2.192560713518960256e+03
