-8.110721040097676450e+03 -2.089458574700495319e+02 8.985466161734996149e+02
-8.126022117153252111e+03 -5.270995939211710635e+01 8.980787174984795911e+02
-8.425805841400373538e+03 8.359256420650500274e+01 6.101580516754119117e+02
-8.253515368595932159e+03 3.613911749772179149e+01 3.502549201645022663e+02
-8.240234863638303068e+03 5.339878912898986130e+01 2.727238013709990128e+02
-8.092357811571338971e+03 -3.754131651512677195e+02 9.023577538991090705e+02
-8.335043502579934284e+03 -5.720446052447437069e+02 6.139402328371853628e+02
-8.119688465629075836e+03 -5.020293624403074659e+02 3.002289567827378960e+02
-8.120689170557576290e+03 -5.258560328700542641e+02 2.416250676852499168e+02
-8.128042710127468126e+03 -2.026618695442027729e+02 1.202729993540842088e+03
-8.218689533978602412e+03 -2.353018625700832160e+02 1.472761577537178937e+03
-8.190227726073671874e+03 -2.094805152587068733e+02 1.655401361064887624e+03
-8.231385394085004009e+03 -5.857415016526510243e+01 1.419265744600969128e+03
-8.610911554240483383e+03 -8.737316249710639227e+01 1.379030873257478106e+03
-8.516194092276353331e+03 -2.007613016786023366e+02 1.632144379699077945e+03
-8.167096213901926603e+03 -4.433854814510028177e+02 1.428838076996214795e+03
-8.491781726542585602e+03 -6.072180187939896996e+02 1.375769867177865535e+03
-8.519005136263815075e+03 -4.084297365366407462e+02 1.699768271906102882e+03
