-8.085866056854801172e+03 -1.912576150882824209e+02 1.092543125466505671e+03
-8.131503453678258666e+03 -7.414713773314502987e+01 1.107461056738397929e+03
-8.191380886388575163e+03 -1.708101885435188194e+01 6.677800245565593968e+02
-8.126549112813542706e+03 8.474782857467850761e+01 3.143313037782859851e+02
-8.130017185941005664e+03 1.108970656865601399e+02 2.204497850663622955e+02
-8.053997487432771777e+03 -3.465679426996426287e+02 1.090374384252566870e+03
-8.135896156191443879e+03 -4.560870893576781668e+02 6.665410231808797334e+02
-8.080625639314765976e+03 -4.834029439290525261e+02 3.027078292168746430e+02
-8.095573262149117909e+03 -5.173765167810934145e+02 2.187904966258782622e+02
-8.112404313533219465e+03 -2.574262508121923361e+02 1.422365397391460419e+03
-8.166127562184309681e+03 -2.994050453475201721e+02 1.714408140127189426e+03
-8.166510190138497819e+03 -2.953169176748808127e+02 1.875721251148133661e+03
-8.207622510486862666e+03 -1.516912712342548559e+02 1.669657233903885981e+03
-8.593261541759353349e+03 -2.070604435674330261e+02 1.727061924549046807e+03
-8.524464271926804940e+03 -3.989153176897673347e+02 1.960908752755214891e+03
-8.156146359034673878e+03 -4.593532408692777267e+02 1.656355660951810478e+03
-8.329644568072484617e+03 -6.738275308541954018e+02 1.697331021426816733e+03
-8.547850831568996000e+03 -5.490470662009190619e+02 1.958029776084152672e+03
