-8.284480295854285941e+03 -6.049739301674919716e+02 1.112864656517291451e+03
-8.409353989834540698e+03 -5.138109019583798727e+02 1.125226805641485953e+03
-8.504134245320954506e+03 -6.297801944639041949e+02 6.853547809438614422e+02
-8.548247734209475311e+03 -6.797081024338853013e+02 3.100108232475661794e+02
-8.577430102413727582e+03 -7.202972039428657354e+02 2.298458452564590857e+02
-8.196196059179366785e+03 -6.854722769280473358e+02 1.090448761496486441e+03
-8.202379306650540457e+03 -6.253170040516796462e+02 6.461629818772457838e+02
-8.118588704067105937e+03 -4.846410824263384711e+02 2.781649683759016511e+02
-8.114382559259920527e+03 -5.091494093303731461e+02 2.072158727423771438e+02
-8.270102546733436611e+03 -6.402725703703532645e+02 1.450811062316647167e+03
-8.350707999891455984e+03 -7.270859543882856997e+02 1.711450967276085976e+03
-8.379557541482034139e+03 -7.655657510272660602e+02 1.866293160101375406e+03
-8.429821482051786006e+03 -5.239113803893816339e+02 1.634854245035093300e+03
-8.461797905479528708e+03 -3.782586151827417780e+02 1.366965602525016493e+03
-8.621634168897089694e+03 -4.677779904801971611e+02 1.131854559947906182e+03
-8.169242619429283877e+03 -8.326217930347958145e+02 1.603864811619232569e+03
-8.123243041921540680e+03 -8.534602975094784370e+02 1.343094640804652499e+03
-8.312170119205460651e+03 -1.058849800349229326e+03 1.119511817012456731e+03
