-8.110513001638752939e+03 -1.515753225742894017e+02 1.061360305313527306e+03
-8.116260631434295647e+03 9.443272435166473855e+00 1.080961532482524035e+03
-8.256682851638784996e+03 5.858944898906235466e+01 6.724760660735230431e+02
-8.140553692710421274e+03 1.283773873597075692e+02 3.131944936682662615e+02
-8.135864965390401267e+03 1.297901343496830293e+02 2.315145789462130494e+02
-8.106410468860454785e+03 -3.245051752368828488e+02 1.066660299025795666e+03
-8.255147444752079537e+03 -4.285586442573647901e+02 6.615352357758005155e+02
-8.131055195572014782e+03 -5.010596059960663524e+02 3.026134776606826904e+02
-8.117372278481778267e+03 -5.006461939397091214e+02 2.233288766368026472e+02
-8.143574188853314809e+03 -1.682734184103537700e+02 1.338455903567422865e+03
-8.311124666102403353e+03 -1.779705598206466846e+02 1.600715620798510599e+03
-8.353184645009934684e+03 -1.679595473244348796e+02 1.770188352771125210e+03
-8.292269009439234651e+03 2.405330638118468656e+01 1.539699040039368583e+03
-8.296138981236554173e+03 1.142597790776006690e+02 1.251654926587336377e+03
-8.513902670617342665e+03 -1.114260779585702750e+02 1.112157538230316050e+03
-8.191242399820926039e+03 -3.567590214936067241e+02 1.566177210425173826e+03
-8.229321718072669682e+03 -4.761973568141490887e+02 1.275046389114164640e+03
-8.504076274007516986e+03 -5.634409460103898937e+02 1.084081375130045672e+03
