-8.124134145955445092e+03 -1.621922855528223124e+02 1.066595512126084714e+03
-8.134278955281382878e+03 -2.691756273991626536e+00 1.048216047746131153e+03
-8.261258365856401724e+03 5.220569790525932063e+01 6.933196696053240657e+02
-8.139603024627932427e+03 1.301185037108204483e+02 3.087889991940957657e+02
-8.144908637723769971e+03 1.294984804022139144e+02 2.210135983761412888e+02
-8.107089010006725402e+03 -3.547972796165780096e+02 1.067782038575497836e+03
-8.227801111787997797e+03 -4.504334986309393685e+02 6.559552744750013744e+02
-8.104191350161239825e+03 -4.849875053012035551e+02 3.067505850890850070e+02
-8.119181491451103284e+03 -5.017332860992718224e+02 2.221588672697749587e+02
-8.165129659586586058e+03 -1.596633551377434799e+02 1.327698271672287319e+03
-8.302829358194283486e+03 -1.814806165636888124e+02 1.614179008966602396e+03
-8.309683009693520944e+03 -1.679766979182225271e+02 1.781355396962905161e+03
-8.265632113743118680e+03 3.901886546591111227e+00 1.539716642431516902e+03
-8.280234963575390793e+03 7.506611071056492790e+01 1.234175692323429303e+03
-8.546951510583034178e+03 -1.120574133886203327e+02 1.115389562101460569e+03
-8.259881799577189668e+03 -3.986770459778151690e+02 1.549105176970836965e+03
-8.267366932616860140e+03 -3.491140727125713283e+02 1.319705608288067197e+03
-8.454947501108437791e+03 -4.000151822618576603e+02 1.185918366412912974e+03
