-8.120126448488136703e+03 -1.587034591667978134e+02 1.053504020648012329e+03
-8.126369246039201244e+03 -8.190236637750665238e+00 1.057016878870254686e+03
-8.255754414208353410e+03 4.589378058228906809e+01 6.805839862166907324e+02
-8.145300568307004141e+03 1.272830650858068537e+02 2.996204637370042860e+02
-8.143108370278356233e+03 1.286127945589133788e+02 2.255162813880270107e+02
-8.084528970375692552e+03 -3.248994875573148420e+02 1.065387101256226970e+03
-8.251281853773098192e+03 -4.179178798374998678e+02 6.693930830344411333e+02
-8.115390998308977942e+03 -4.794752932011826374e+02 2.813720392306396434e+02
-8.134059099225642058e+03 -5.026312866800735719e+02 2.203690855145148930e+02
-8.161356319084191455e+03 -1.553128734147757939e+02 1.327824682532803308e+03
-8.316973641234075330e+03 -1.937947435965770353e+02 1.608690078153694913e+03
-8.331808947260968125e+03 -1.714521135271654089e+02 1.779921844371715451e+03
-8.250071736370691724e+03 8.290348656710262887e+00 1.548192639782359720e+03
-8.293850658386163559e+03 7.437119681444954722e+01 1.241327540553869085e+03
-8.536012498426853199e+03 -1.397903866352883142e+02 1.131874450704842729e+03
-8.254888852234504157e+03 -3.944096110827774169e+02 1.560539991849723947e+03
-8.251517925180396560e+03 -4.777445757659237984e+02 1.252638984677659209e+03
-8.589518743606151475e+03 -4.274183721360344634e+02 1.173069243786067318e+03
