-8.101868898815999273e+03 -1.576292698142306392e+02 1.023700674605640415e+03
-8.125686763723423610e+03 6.054132725902583445e+00 1.011529887029975271e+03
-8.346622571765199609e+03 4.994792648896519438e+01 6.711590471804657909e+02
-8.228192859921122363e+03 7.431417052899780629e+01 3.438989334054780898e+02
-8.234467123103517224e+03 7.949027841439759356e+01 2.780793662460721976e+02
-8.101755820784504067e+03 -3.460431456063149085e+02 1.024142594334891783e+03
-8.247505679271429472e+03 -4.990100939070250092e+02 6.585105947415735272e+02
-8.096107234121222973e+03 -5.044614701694560495e+02 2.823398791977926408e+02
-8.113754533885923593e+03 -5.238865787084363319e+02 2.249007625342981100e+02
-8.135082221242094420e+03 -1.538140447489795974e+02 1.301748350737546161e+03
-8.280948734225172302e+03 -1.780954203066138462e+02 1.583333915242070134e+03
-8.274133187943760277e+03 -1.550610580510217460e+02 1.755276599407902722e+03
-8.245937640965852552e+03 7.687847357573756923e+00 1.501124964477809272e+03
-8.342889406938411412e+03 1.003683416193215692e+02 1.204122140014939760e+03
-8.632516071981532150e+03 -1.341138342935557262e+02 1.204751283846619344e+03
-8.221421476944569804e+03 -3.959767567263317005e+02 1.515088189994874028e+03
-8.310524988858504003e+03 -3.564684212919610218e+02 1.303717278909490460e+03
-8.530553295357478419e+03 -4.320434525032622446e+02 1.238460403195791287e+03
