-8.124310220246477911e+03 -2.130551629823500548e+02 1.108190434666890724e+03
-8.150783588004047488e+03 -9.558864796800706642e+01 1.103173260021336318e+03
-8.164367637179602752e+03 -1.304860469461224071e+01 6.526574851956995644e+02
-8.124226289470851043e+03 7.851550395457807952e+01 2.972953117701483166e+02
-8.136918952026879197e+03 9.063103555132589406e+01 2.185044171044461052e+02
-8.089938318298613922e+03 -3.706264918304546541e+02 1.104490325969182095e+03
-8.153000383102666092e+03 -4.711157433682359397e+02 6.515145431920697092e+02
-8.066223089744716162e+03 -4.838954464701359939e+02 2.859423508657769162e+02
-8.077600227013525910e+03 -5.074003207882490187e+02 2.210256578251022006e+02
-8.099864843568831020e+03 -2.196384848017660829e+02 1.376385136745805767e+03
-8.242290698281822188e+03 -3.103703579772959529e+02 1.680995834628937473e+03
-8.244707817881580922e+03 -2.981918973383271805e+02 1.858155896049237299e+03
-8.269428966752222550e+03 -1.159767551163617583e+02 1.630929093321758501e+03
-8.094576528275334567e+03 6.530845032467352951e+01 1.405908812189911487e+03
-8.046999956446269607e+03 2.159348306672936246e+02 1.123235771198369775e+03
-8.047221775035828614e+03 -4.525122186553239203e+02 1.610259136588129877e+03
-7.896719568889564471e+03 -4.364429435190457411e+02 1.388207029291607114e+03
-7.679207896479985720e+03 -4.858067543079139909e+02 1.142883458136610670e+03
