-8.142332548063521244e+03 -2.065268253381212560e+02 9.489659911450164600e+02
-8.142435621627282671e+03 -4.644195383977674396e+01 9.463077557420872381e+02
-8.423075902073513134e+03 5.891768434307776658e+01 6.268458242711319599e+02
-8.249453197527513112e+03 4.120670888426503353e+01 3.435807285878561856e+02
-8.259218351885067023e+03 5.080394390428251938e+01 2.754874783503543085e+02
-8.100798220543215393e+03 -3.535177411514246160e+02 9.541840234148809259e+02
-8.311121767807024298e+03 -5.599896213947030219e+02 6.246123198161225218e+02
-8.118408327639657728e+03 -5.034367237386853162e+02 3.067051650529935500e+02
-8.122789579887465152e+03 -5.332827735965469174e+02 2.371185231116810144e+02
-8.134761221590524656e+03 -2.240990120741080318e+02 1.250078283812109248e+03
-8.186550905554670862e+03 -2.400884089208394130e+02 1.527026728717094102e+03
-8.163966575901687065e+03 -2.261851539020964026e+02 1.698403682435204701e+03
-8.269703601523058751e+03 -8.810628924446321264e+01 1.468196287856682147e+03
-8.600247972753382783e+03 -6.378136653468301631e+01 1.454698216100759282e+03
-8.447011119158025394e+03 -2.143870069854258986e+02 1.722038979477526937e+03
-8.170432763484501265e+03 -4.483507055443230911e+02 1.475884083022358936e+03
-8.492990206266102177e+03 -6.188087409946301705e+02 1.424719375941787575e+03
-8.446147604966059589e+03 -4.213159705483625999e+02 1.765998550886482917e+03
