-8.175405882535803357e+03 -4.320863672227889651e+02 1.103839765013551869e+03
-8.224915191764668634e+03 -2.969176568219392607e+02 1.117846811877529490e+03
-8.349503019676056283e+03 -2.230635494656306150e+02 6.986007087381494784e+02
-8.249561873515607658e+03 -7.485813545971618055e+01 3.735968783498644257e+02
-8.248871590090802783e+03 -4.199936765115428017e+01 3.043993999486089024e+02
-8.156772110588955002e+03 -5.881938178817719063e+02 1.099491162074169551e+03
-8.238025043452864338e+03 -6.088207643124630977e+02 6.417299474270853352e+02
-8.130063562237729457e+03 -4.814881367824917220e+02 3.017916008309547919e+02
-8.144637307379754020e+03 -5.048785850770497063e+02 2.237036000312196791e+02
-8.202179442179505713e+03 -4.719029009960174221e+02 1.403777508179107826e+03
-8.290188348868145113e+03 -5.667612408742787693e+02 1.698310476180033902e+03
-8.292802356400230565e+03 -5.803483423672809067e+02 1.852539140476048260e+03
-8.396035842048415361e+03 -3.815352489801515503e+02 1.625316461364516726e+03
-8.399616005105692238e+03 -2.288966728851320909e+02 1.371434749492912715e+03
-8.543328271815647895e+03 -2.066719743643996878e+02 1.084138326030782991e+03
-8.091165254555156025e+03 -6.711968621085757150e+02 1.596780129821807350e+03
-7.961628048399292311e+03 -6.554475719500148898e+02 1.323481864691384772e+03
-7.861614389472917537e+03 -7.481224069620378714e+02 1.048702170934746164e+03
