-8.105113961780643876e+03 -1.560951955543388294e+02 1.050477871749063070e+03
-8.131427040074032448e+03 -1.122371794244503285e+00 1.046027097041198431e+03
-8.302387172808448668e+03 3.060222732214133856e+01 7.002662768522815213e+02
-8.187893105377715074e+03 9.846119257839447414e+01 3.261290105590316557e+02
-8.162035964585828879e+03 1.236474199454140290e+02 2.355447951305559400e+02
-8.054410864923146619e+03 -3.271909020935779040e+02 1.066145102487945678e+03
-8.222574461263418925e+03 -4.715511086019980098e+02 6.749017038708500422e+02
-8.079570979899861413e+03 -4.853130777530632258e+02 2.852197140440991916e+02
-8.118563527597773827e+03 -5.082720260293021965e+02 2.180116265312663586e+02
-8.216903690411007119e+03 -1.896824551852934633e+02 1.335436305522125622e+03
-8.293414310594111157e+03 -1.840088275643127815e+02 1.577047169112339361e+03
-8.277848313347543808e+03 -1.749930887125404979e+02 1.797031698121539648e+03
-8.249800130838046243e+03 7.470236091562628467e+00 1.536981065764504137e+03
-8.248849643547146115e+03 8.857088984201925541e+01 1.240310467473654853e+03
-8.582136985182307399e+03 -1.018849627714151467e+02 1.162971835853859830e+03
-8.228488175883117947e+03 -3.988350082290389196e+02 1.578750973047217940e+03
-8.285644443072436843e+03 -4.618737750408171223e+02 1.255750934870542778e+03
-8.602048840300591110e+03 -3.258123470363771048e+02 1.156813097397859792e+03
