-8.127588460522799323e+03 -2.392274233161526524e+02 1.099998553323759552e+03
-8.158245864188701489e+03 -1.000079063050165900e+02 1.089812934285468600e+03
-8.151488437896401592e+03 -1.695099325811979796e+01 6.728167019717797075e+02
-8.110877065038240289e+03 8.856659811422171913e+01 3.040290187687513139e+02
-8.130078761779007436e+03 1.115762575663987661e+02 2.229332467216947009e+02
-8.107627527838018977e+03 -3.914671596653618053e+02 1.095791410879592377e+03
-8.134302874977997817e+03 -4.629803231737643614e+02 6.289997243542283059e+02
-8.066761042091593481e+03 -4.923914747170292685e+02 2.977947232809875686e+02
-8.086889505279397781e+03 -5.178374478421613958e+02 2.102919666883981336e+02
-8.146473741522245291e+03 -2.546396664460705495e+02 1.380094524955705992e+03
-8.221550677860821452e+03 -2.995326530431764809e+02 1.679106407557995681e+03
-8.215568934646436901e+03 -2.767931780977327207e+02 1.861957087842727333e+03
-8.267538424964755905e+03 -1.142155671276981082e+02 1.625755299024641090e+03
-8.120751531007797894e+03 5.599909469157745434e+01 1.379110637311495111e+03
-8.083220189290382223e+03 1.938903736013175774e+02 1.091691815100894019e+03
-8.083227932699092889e+03 -4.808795642651509752e+02 1.598256383850579823e+03
-7.917770787959713743e+03 -4.938581451864051814e+02 1.354210678836115903e+03
-7.720180368092614117e+03 -5.641988610644426672e+02 1.100492282318425623e+03
