-8.097204761768988647e+03 -2.194787467029916002e+02 1.108919827730220732e+03
-8.136125462144726043e+03 -6.797942141696806573e+01 1.107777893958168306e+03
-8.159365987857472646e+03 -9.670568360775043004e+00 6.649141175615843622e+02
-8.119203693215407839e+03 8.258320109923600683e+01 3.062297631262843538e+02
-8.133194580346089424e+03 1.080117710316614392e+02 2.194913234331296508e+02
-8.071115093692341361e+03 -3.610114535853244888e+02 1.111330508368447681e+03
-8.145661706814020363e+03 -4.624274378334400240e+02 6.738522024945694966e+02
-8.054832989729717156e+03 -4.745497236687047575e+02 2.887053082743577193e+02
-8.067295933045817037e+03 -5.162193481461649753e+02 2.218741912120263464e+02
-8.126364982101717032e+03 -2.287327146840783314e+02 1.389156595776811628e+03
-8.211817071947763907e+03 -2.865327027156184840e+02 1.686030120301686111e+03
-8.225257719454662947e+03 -2.797058916251633036e+02 1.847276006158176870e+03
-8.287744354705728256e+03 -1.074733987441584162e+02 1.612975065742757579e+03
-8.277313576289425328e+03 7.598956816520738755e+01 1.336275690873221720e+03
-8.432623871174699161e+03 1.341471179355506251e+02 1.084309186221213622e+03
-8.039871143027000471e+03 -4.269591956702820994e+02 1.600091957194544193e+03
-7.973828744361801910e+03 -4.959811185090654817e+02 1.333544798849009794e+03
-8.013571465525732492e+03 -6.872000139172533864e+02 1.085457843593979305e+03
