-8.211005186430542381e+03 -5.033487134269155376e+02 1.134171176629024103e+03
-8.326564503587082072e+03 -4.046469930205146852e+02 1.153238564985260155e+03
-8.485715827006462860e+03 -4.704386777669272419e+02 7.157190070461036839e+02
-8.338714746902200204e+03 -3.612684714878731711e+02 3.567067504144063150e+02
-8.331592867478248081e+03 -3.618206117928909293e+02 2.839330387114972041e+02
-8.108498127547423792e+03 -5.994330906421063219e+02 1.110900532774811609e+03
-8.181947171215082562e+03 -5.824217033636076621e+02 6.592721983116390447e+02
-8.110076773785082878e+03 -4.680118868308027231e+02 2.884601068440409790e+02
-8.115672131349700976e+03 -4.977179977161936790e+02 2.239532056149836023e+02
-8.237350694502238184e+03 -5.649857529473396198e+02 1.419413202455986038e+03
-8.302308532920264042e+03 -6.380380860230759481e+02 1.700868222644041452e+03
-8.300674005338134521e+03 -6.443295622476427980e+02 1.870885923081626288e+03
-8.427714636842905747e+03 -4.623473171000955517e+02 1.642095451493315522e+03
-8.426905445928099653e+03 -3.160653051673105551e+02 1.388074367100457948e+03
-8.614839879621840737e+03 -4.003310887880870155e+02 1.162186110231092698e+03
-8.100406373083165818e+03 -7.530454773924828942e+02 1.615426474209078833e+03
-8.044478868598441295e+03 -7.916859263723086997e+02 1.314173707323273447e+03
-8.063712190308933714e+03 -9.502055897927181149e+02 1.051234145832305330e+03
