-8.171424658651323625e+03 -2.377453989469975397e+02 1.138553701385340901e+03
-8.227843268816975979e+03 -1.017577842701292212e+02 1.140768620258967076e+03
-8.243509943767110599e+03 -2.071884236437023574e+01 7.003881386451163280e+02
-8.178712338688826094e+03 5.997946320020028566e+01 3.655318205533159812e+02
-8.183472889058296460e+03 6.835310908310191280e+01 2.911297427905112158e+02
-8.094355560284507192e+03 -3.501762896549311677e+02 1.137044520480960045e+03
-8.099172400541867319e+03 -4.351992180614942072e+02 6.583672454257841764e+02
-8.044217934761637480e+03 -4.715861010877998751e+02 2.898055905011991058e+02
-8.060177451623440902e+03 -4.951685623801697034e+02 2.169940761125596964e+02
-8.161593703208014631e+03 -2.420760903638321793e+02 1.486261494802983862e+03
-8.179050894678574878e+03 -2.661136112161941014e+02 1.742432533895208280e+03
-8.146904048306244476e+03 -2.403552983688470590e+02 1.912592919702296058e+03
-8.340405468555751213e+03 -1.509414902186764493e+02 1.737212892612382575e+03
-8.492911389812246853e+03 -1.632761573513080293e+02 1.929768090940530328e+03
-8.662608963738319289e+03 -2.380427380762020562e+02 2.185871043807342176e+03
-8.128624693317662604e+03 -4.486587397607643197e+02 1.716859040313518108e+03
-8.345974324569015153e+03 -4.623793617833653116e+02 1.939192573966728560e+03
-8.494085234437032341e+03 -5.028118964105142368e+02 2.200425213980235640e+03
