-8.081274481929317517e+03 -1.661380791129390673e+02 1.010492766116913458e+03
-8.103623593798294678e+03 -4.112343623701053552e+00 1.004902713195912838e+03
-8.342288125850403958e+03 5.613262376967252010e+01 6.607634856924647693e+02
-8.211099925842481753e+03 7.010491744920847168e+01 3.379692589350777894e+02
-8.221011317660926579e+03 7.332528793813600032e+01 2.683195347234893120e+02
-8.050299787050159466e+03 -3.469849950449397511e+02 1.018884095006740381e+03
-8.230355442017502355e+03 -5.052122722687099667e+02 6.695957489787701888e+02
-8.085837676424777783e+03 -4.969894932169401045e+02 2.919848779675318156e+02
-8.100616921762164566e+03 -5.188022105883102313e+02 2.340165088402079334e+02
-8.141068177552208908e+03 -1.734205794556376645e+02 1.269333127861554431e+03
-8.256212567686270631e+03 -2.139997558780332554e+02 1.545268851880493230e+03
-8.243032299697793860e+03 -1.841695443535231220e+02 1.747961689937879783e+03
-8.249858271203063850e+03 -3.485190472532784156e+01 1.496774601141568610e+03
-8.417083125101999030e+03 3.928532791795570489e+01 1.237860817142516908e+03
-8.666754853373406149e+03 -1.759925849847935524e+02 1.396853344236970543e+03
-8.218347845885251445e+03 -4.206231407830709941e+02 1.499893069504829555e+03
-8.379288772130419602e+03 -4.940883687143160614e+02 1.276320845135420996e+03
-8.697106340996397194e+03 -3.792870357229101046e+02 1.376935077431862055e+03
