-8.224152187077159397e+03 -5.431215112256818429e+02 1.135097778618794564e+03
-8.345886754706732972e+03 -4.644103613948984730e+02 1.149766451682325396e+03
-8.486788346471197656e+03 -5.572558002893172215e+02 7.111310633245464032e+02
-8.438784144676956203e+03 -5.278559935238353091e+02 3.136744938478871063e+02
-8.451492843499869196e+03 -5.513473891026824276e+02 2.516788983823458636e+02
-8.139656549038840240e+03 -6.272212199690533225e+02 1.125675739327321480e+03
-8.177280655914411909e+03 -6.107259348437618200e+02 6.734905021328021348e+02
-8.096479364244236422e+03 -4.666388244465242678e+02 2.879190027793718514e+02
-8.109764875603302244e+03 -5.030027358149424686e+02 2.205311583624069840e+02
-8.236124898146479609e+03 -6.018238220461339552e+02 1.434345566878043883e+03
-8.300152044110116549e+03 -6.817872560741819825e+02 1.709325215279374788e+03
-8.308073227606257205e+03 -6.953676151134310430e+02 1.864865743622372293e+03
-8.419509405027190951e+03 -5.116238968738106223e+02 1.639228771724797753e+03
-8.438950165713902607e+03 -3.433723808088334977e+02 1.390369306298014862e+03
-8.625901134059618926e+03 -4.428075095801114571e+02 1.167983342712222793e+03
-8.136003011589379639e+03 -7.884378327144900140e+02 1.617797288294407281e+03
-8.064442652940992048e+03 -8.167507986695877662e+02 1.346744071951137585e+03
-8.061324012583777403e+03 -9.694479112550203581e+02 1.066435100795760718e+03
