-8.087493590577691066e+03 -2.228410360412889304e+02 1.112694306083656556e+03
-8.132809818666927640e+03 -7.665827288970814379e+01 1.105394499635048760e+03
-8.191868244255274476e+03 -1.485426469923928217e+01 6.543928489321025381e+02
-8.120595373996901799e+03 8.948650608889339253e+01 3.066302792469099927e+02
-8.126131171934096528e+03 1.080787942856963468e+02 2.190907495847527287e+02
-8.053762561653920784e+03 -3.681143766540367892e+02 1.106338445801252419e+03
-8.138859462960765086e+03 -4.785320391802593463e+02 6.620618899182479709e+02
-8.061374627458157192e+03 -4.836019780145579148e+02 2.995832982257754225e+02
-8.079953195085334301e+03 -5.231002831859980233e+02 2.199854482802643645e+02
-8.109178849826880651e+03 -2.581655631833673965e+02 1.403504408616005776e+03
-8.183562538039423998e+03 -3.101527125788530839e+02 1.686558133917076930e+03
-8.181757864750193221e+03 -2.823176985289871936e+02 1.864222671672967181e+03
-8.236779910279446995e+03 -1.289687760753246550e+02 1.622361427700996273e+03
-8.425000142887538459e+03 -2.102860944428142975e+00 1.371628487818300982e+03
-8.531290983432158100e+03 -1.984043537593929329e+02 1.468914721019972148e+03
-8.122106054459840379e+03 -4.642519421327494342e+02 1.624385811688797048e+03
-8.126520059150528141e+03 -7.043042584308452660e+02 1.422101453388179607e+03
-8.447071669426870358e+03 -6.708961796328505898e+02 1.465412037284144390e+03
