-8.189402109286463201e+03 -3.764090978475726388e+02 1.107033208870614772e+03
-8.302366021693702351e+03 -2.747162634942829982e+02 1.099636408692150553e+03
-8.336973328627329465e+03 -1.566373454523066755e+02 7.098982353094731934e+02
-8.230361900502457502e+03 8.762937180434947848e+00 3.795512752386002830e+02
-8.248308014323245516e+03 3.169646499629465453e+01 3.080321217452658971e+02
-8.086891019344285269e+03 -4.898010296617223389e+02 1.109529487073565633e+03
-8.158829164407053213e+03 -5.395506959230327766e+02 6.627356040555162053e+02
-8.114261477468920930e+03 -4.838513667631406179e+02 3.328562837316645755e+02
-8.133953423537182971e+03 -5.146202918756771396e+02 2.604042000090273632e+02
-8.197465860791833620e+03 -4.198305149095018010e+02 1.386009077814484272e+03
-8.270767223162152732e+03 -4.961538570563011490e+02 1.664488342240543034e+03
-8.277036890933499308e+03 -5.078390266675316980e+02 1.835260986255393618e+03
-8.387086048108487375e+03 -3.425305071273895123e+02 1.611384090548946915e+03
-8.384616860780583011e+03 -1.594019720671944640e+02 1.337267405109060292e+03
-8.507688638724926932e+03 -1.426815504992202079e+02 1.070592633272450257e+03
-8.070812967118446068e+03 -6.013452244338792525e+02 1.581371252517807307e+03
-7.952388447747868668e+03 -6.021434384342491057e+02 1.321107539134277204e+03
-7.808258859134842169e+03 -6.784620937576945607e+02 1.060072115655134894e+03
