-8.127181765413528410e+03 -2.248641040762947796e+02 1.096516834416139318e+03
-8.157399415261305876e+03 -8.171424567090879520e+01 1.096230294320232815e+03
-8.163415651754429746e+03 -2.434544726175653651e+01 6.501320843514375838e+02
-8.121646654372307239e+03 8.393095770134333122e+01 2.940915227095513842e+02
-8.136359583058561839e+03 1.129214458053167647e+02 2.223954894574891910e+02
-8.107229938664855581e+03 -3.682502479300966911e+02 1.101884737738596414e+03
-8.144456987580968416e+03 -4.624975772554325317e+02 6.720579589826088522e+02
-8.073120665209170511e+03 -4.872501504742781435e+02 2.972421524457024589e+02
-8.076368018303551253e+03 -5.173569437550454495e+02 2.297411884672153235e+02
-8.145569532002214146e+03 -2.497764280459638258e+02 1.391728597484417833e+03
-8.230593923295455170e+03 -3.074847581193538417e+02 1.678550732878971985e+03
-8.226818978919254732e+03 -2.797968781856645251e+02 1.861173273120984504e+03
-8.280131197074893862e+03 -1.147167093094220292e+02 1.624814693993495439e+03
-8.119575148161275138e+03 6.793110446844744388e+01 1.396387663743601934e+03
-8.107405930447338505e+03 2.197761268631523421e+02 1.127516827524855216e+03
-8.045891230470232586e+03 -4.483114865655783206e+02 1.617222443749615195e+03
-7.892370649094466899e+03 -4.427001081247538536e+02 1.366836805576447887e+03
-7.692931102972411281e+03 -4.828407282222726167e+02 1.143887032027517762e+03
