-8.122095218397276767e+03 -2.204327772233562541e+02 1.136235288533456014e+03
-8.179892065540160729e+03 -7.684343485021730658e+01 1.134893719576482908e+03
-8.228369795742977658e+03 -3.934245110234225251e+01 6.697232358686505904e+02
-8.181788175617878551e+03 4.984169911194933178e+01 3.799747908016017277e+02
-8.185000295117984024e+03 6.652897778156257402e+01 2.895447616969703404e+02
-8.096414057033814061e+03 -3.650545891079170246e+02 1.140074069572600138e+03
-8.122639409259518288e+03 -4.401560345830029632e+02 6.699572829270528018e+02
-8.063704495486328597e+03 -4.871554925419597453e+02 3.201825107971019406e+02
-8.070608325500002138e+03 -5.246928370599785012e+02 2.347039602279621135e+02
-8.151203614660502353e+03 -2.514315298163277532e+02 1.469845908955693858e+03
-8.189602956331527821e+03 -2.873284565053434108e+02 1.720070291912132916e+03
-8.169625860426381223e+03 -2.647458567759159109e+02 1.913845302650668600e+03
-8.277064897151238256e+03 -1.235442608906751474e+02 1.704975663687599535e+03
-8.492521984409684592e+03 -2.227234212755998328e+02 1.971052727066774423e+03
-8.561286861619308183e+03 -2.501504437474400788e+02 2.215923637133435932e+03
-8.169990008845978991e+03 -4.902094607808442106e+02 1.745543017031754061e+03
-8.324292219325991027e+03 -4.686612891229991646e+02 1.976734012870540937e+03
-8.455546383217866605e+03 -4.626356349493938751e+02 2.206296184000463199e+03
