-8.105257774756923936e+03 -2.178462341511369402e+02 1.104839359553232043e+03
-8.169940282213386126e+03 -9.755232844575753859e+01 1.110439703526222047e+03
-8.194163176399073564e+03 -1.674061686105197921e+01 6.708974082791689852e+02
-8.115628076014085309e+03 8.865202229957662894e+01 3.027235389617459873e+02
-8.119905879057552738e+03 1.138831783105875246e+02 2.132491326394928421e+02
-8.026422262425173358e+03 -3.406278248909450213e+02 1.101829827986539385e+03
-8.142883442484464467e+03 -4.683819705224750010e+02 6.766639514943707354e+02
-8.061704933779904422e+03 -4.853643235121427324e+02 2.859239634955649194e+02
-8.082540717137186220e+03 -5.073306992183169086e+02 2.231545254087770331e+02
-8.106909973394857843e+03 -2.443981627082101795e+02 1.469609987860773572e+03
-8.177949399120006092e+03 -2.993186414047368089e+02 1.718265318988354466e+03
-8.179815555839431909e+03 -2.794915954655550081e+02 1.888146495646707535e+03
-8.261947793508528775e+03 -1.344027426482668659e+02 1.695518118428612524e+03
-8.466636438775482020e+03 -1.898907343989948231e+02 1.790461080371222124e+03
-8.473148882517318270e+03 -2.842529792652028959e+02 1.999394485639148343e+03
-8.161425804088926270e+03 -4.735290316726391211e+02 1.683822216060055098e+03
-8.273060095597003965e+03 -4.998983673921696891e+02 1.777581632022490339e+03
-8.408441672241266133e+03 -4.734915251357562624e+02 1.961518337220145895e+03
