-8.143438662222921266e+03 -2.177215000927985500e+02 1.106626362995687032e+03
-8.218902150013151186e+03 -1.059914717262596753e+02 1.098495204512907321e+03
-8.278656076780669537e+03 -7.918497375115046566e+01 7.067781150355945101e+02
-8.213349605989098563e+03 3.047265003300893582e+01 3.500816862448498341e+02
-8.235643669715605938e+03 3.491302087205406934e+01 2.746712900337344081e+02
-8.070052504527114252e+03 -3.457404682840675036e+02 1.106392730649499299e+03
-8.037108611019182717e+03 -4.178304261203081182e+02 6.247798556823505578e+02
-7.974862202128701938e+03 -4.064391302882540913e+02 2.231577957390823883e+02
-7.986220442915195235e+03 -4.329751800701429829e+02 1.599476576375289767e+02
-8.187247529668553398e+03 -2.431677335265791555e+02 1.386601967864643939e+03
-8.271771627315481965e+03 -3.269508470940648976e+02 1.683973153011861768e+03
-8.278582981209561694e+03 -3.206137986629885290e+02 1.838482433907958466e+03
-8.365439373259787317e+03 -1.375319698122449950e+02 1.594926674608770782e+03
-8.356987444529120694e+03 1.221926749788346278e+01 1.348977489268682120e+03
-8.486736282916528580e+03 -7.489954176614246251e+01 1.109147143968684532e+03
-8.093346854598739810e+03 -4.728378884410332716e+02 1.600972494477042574e+03
-7.933215974507620558e+03 -4.826615984764724772e+02 1.315815763006925636e+03
-7.989568149386299410e+03 -6.468383787431835117e+02 1.075112005247760180e+03
