-8.078817939334093353e+03 -1.903387762794189939e+02 9.321327563097108850e+02
-8.084249449039428328e+03 -3.847139854961221062e+01 9.308952788741903532e+02
-8.398055549450402395e+03 6.930411541526355279e+01 6.400600590215298098e+02
-8.232241906608138379e+03 4.907919848491419401e+01 3.367264713312937374e+02
-8.235822544064834801e+03 6.610801035679794779e+01 2.629680482537453940e+02
-8.061001616767574887e+03 -3.494573825392498065e+02 9.519378616956462338e+02
-8.297601960255153244e+03 -5.833809170871511469e+02 6.218881513403316603e+02
-8.098759694354471321e+03 -5.069154144535694400e+02 2.966974931491178609e+02
-8.104380970060027721e+03 -5.286896699437700136e+02 2.321965974908422652e+02
-8.114742691936939991e+03 -2.138705853115345690e+02 1.220681589398927827e+03
-8.217431763593771393e+03 -2.582953431862105163e+02 1.485904035917655847e+03
-8.206332267431820583e+03 -2.257897123532539467e+02 1.652406808125525686e+03
-8.292041798957709034e+03 -7.624490879278921796e+01 1.429098196653970490e+03
-8.561965257718127759e+03 -1.382989042362233612e+01 1.241972291923291095e+03
-8.627115682468824161e+03 -1.784197741963841679e+02 1.497461388623504718e+03
-8.208579359357718204e+03 -4.541762967750565281e+02 1.438331892229094819e+03
-8.462958967073382155e+03 -5.806292705534752940e+02 1.317921501899144459e+03
-8.645417020540015073e+03 -3.986125742193449355e+02 1.536248293866931590e+03
