-8.085873379333318553e+03 -1.832290274221214474e+02 9.207625882454625525e+02
-8.082269893703381058e+03 -3.374419075066978735e+01 9.115022732800756557e+02
-8.366335825106709308e+03 7.890126956268217384e+01 6.415307489088135071e+02
-8.246702829900352299e+03 5.157300826049291231e+01 3.557637419909332266e+02
-8.247946352039250996e+03 6.430419729044329813e+01 2.755512478879421110e+02
-8.055174548086550203e+03 -3.514038731720162900e+02 9.343239501412150503e+02
-8.288368053063730258e+03 -5.735283143278727493e+02 6.356433931515940685e+02
-8.113709268607218291e+03 -5.116464505695409457e+02 2.948137042844608686e+02
-8.119844524608566644e+03 -5.388335342931710557e+02 2.347130772110121200e+02
-8.124918852737468114e+03 -1.910311828948530888e+02 1.217280081340727065e+03
-8.242938920554761353e+03 -2.394870642875711155e+02 1.476114904867988116e+03
-8.227695327130635633e+03 -2.110466417668726820e+02 1.638995628349282470e+03
-8.269254503702060902e+03 -8.179873393208026755e+01 1.415333593089913393e+03
-8.512341965890171195e+03 4.091412754322425904e+00 1.193770524813970724e+03
-8.630543702907702027e+03 -2.155829574593323059e+02 1.410537909270204864e+03
-8.198055854456535599e+03 -4.432372596316709519e+02 1.414119685156083278e+03
-8.426517288665829255e+03 -5.484580906490621146e+02 1.285348754206589319e+03
-8.679219659753714950e+03 -3.792022144464011717e+02 1.437656180011906599e+03
