-8.087114657947799969e+03 -2.261728993146510049e+02 1.109280308114912714e+03
-8.140100916688393227e+03 -7.728561394667732998e+01 1.106308467079914408e+03
-8.170243890496015410e+03 -2.477986810897105130e+01 6.615433881651473484e+02
-8.112315970034623206e+03 9.242760355648898951e+01 3.065208012979611567e+02
-8.119749739402502200e+03 1.138575038118211893e+02 2.220961413298762466e+02
-8.070820774273375719e+03 -3.843368071280128220e+02 1.111548018976428011e+03
-8.148169888184006595e+03 -4.752334974850775779e+02 6.783109200263388630e+02
-8.079693590440633670e+03 -5.007392914642402388e+02 2.928802560069520382e+02
-8.088545959427761773e+03 -5.171537801270380896e+02 2.093567528638174622e+02
-8.127053194643528514e+03 -2.535791720240651728e+02 1.397757148050470960e+03
-8.211614472984536405e+03 -2.954004773519093874e+02 1.676729159084282855e+03
-8.205598449111408627e+03 -2.731069616911015601e+02 1.864535254884762253e+03
-8.250127005474954785e+03 -1.219045209781488524e+02 1.608977094862040531e+03
-8.179270025065869049e+03 3.498793937479472760e+01 1.332868876517419039e+03
-8.247999276726635799e+03 1.257868739406179088e+02 1.046081858408346534e+03
-8.126894535247975000e+03 -4.796775132635922887e+02 1.607061495962387198e+03
-8.054083745167173220e+03 -5.782810021965237866e+02 1.307830349357159776e+03
-8.026174005366248821e+03 -7.324379464765188459e+02 1.059769395509230662e+03
