-8.083033540332815392e+03 -1.647002713528776212e+02 9.614833320562022436e+02
-8.086776394706785140e+03 -1.215347981291182755e+01 9.537997560153864924e+02
-8.363420129150050343e+03 7.025294128265650784e+01 6.546376767470214872e+02
-8.253826189481735128e+03 3.826425262074172196e+01 3.396158307253687099e+02
-8.264225153547684386e+03 5.945291402592968666e+01 2.694470519288020682e+02
-8.067259512626118521e+03 -3.452916376958042974e+02 9.711631508672530799e+02
-8.267664221675066074e+03 -5.544444357222669169e+02 6.400309063866147881e+02
-8.113452058838016455e+03 -5.157703244832492828e+02 3.061985921450723254e+02
-8.123005938913740465e+03 -5.444687864096413250e+02 2.263942223145904507e+02
-8.119899795424651529e+03 -1.701470941307354110e+02 1.249120605752042593e+03
-8.242729481337966718e+03 -2.209440545488511418e+02 1.497621622862942559e+03
-8.330992136291957650e+03 -2.577870171434444728e+02 1.710754048451691006e+03
-8.243120505199673062e+03 -4.445948420935565792e+01 1.457349679838972179e+03
-8.479823295443824463e+03 3.253679910859968771e+01 1.191532284685649074e+03
-8.655813982250168920e+03 -1.493766172144312065e+02 1.388015015622676174e+03
-8.202752163763481803e+03 -4.282218422435641969e+02 1.455563325656913321e+03
-8.384216667506108934e+03 -5.161373185411832765e+02 1.274386301335827284e+03
-8.692670312658030525e+03 -4.138651156932729691e+02 1.378372542840202868e+03
