-8.089097645374886270e+03 -2.310400804708621934e+02 1.104883871339983443e+03
-8.131416184221308868e+03 -7.661662966214714743e+01 1.109032068003111590e+03
-8.175146369877063989e+03 -8.658011094887148928e+00 6.621625026417170830e+02
-8.124505174218972570e+03 8.165712948065849730e+01 3.003588195569773802e+02
-8.126710814682193813e+03 1.145648879324568838e+02 2.191496549526640933e+02
-8.043182616984504421e+03 -3.766804172146243559e+02 1.107981258504238212e+03
-8.150973048714804463e+03 -4.781618399453975030e+02 6.889142168783570241e+02
-8.062657986120835631e+03 -4.820670216967365036e+02 2.931912524677418901e+02
-8.081829383157508346e+03 -5.166581826843518002e+02 2.148412665378412214e+02
-8.137866887602733186e+03 -2.725304845971065788e+02 1.402144213910290318e+03
-8.197855244221382236e+03 -3.056579942889493964e+02 1.684162640891498995e+03
-8.193080920677259201e+03 -2.807368452444368359e+02 1.856972953444468430e+03
-8.274105207038670414e+03 -1.454084697408296449e+02 1.604306855630216660e+03
-8.296732373198314235e+03 1.214959930371034780e+01 1.330190514635847194e+03
-8.493536605651586797e+03 -7.044110241312074550e+01 1.177450807375309068e+03
-8.124488650630333723e+03 -4.738067529076358824e+02 1.612339029282420370e+03
-8.058496764906086355e+03 -6.072050068997160679e+02 1.358469436720121166e+03
-8.216199309255067419e+03 -7.288866789346457153e+02 1.185625392889627165e+03
