-8.136631006646998685e+03 -2.094525011961190160e+02 1.039512944147734515e+03
-8.165131704180111228e+03 -6.169728766265753706e+01 1.029187161919275013e+03
-8.369947690227814746e+03 1.736405437419278996e+01 6.609438813160838890e+02
-8.240837492876913529e+03 3.862726163391779721e+01 3.465640646368348143e+02
-8.240910596232684838e+03 5.024772476783453357e+01 2.733698224783503861e+02
-8.119737011681149852e+03 -3.662164057153361796e+02 1.028975881070574360e+03
-8.253548573081954601e+03 -5.289996623629482428e+02 6.504760723146711143e+02
-8.109235427774477103e+03 -5.182107734442280389e+02 3.109195728269048118e+02
-8.107438688749092762e+03 -5.307253813985448687e+02 2.344805903941038707e+02
-8.141161776551053663e+03 -2.204851095034990180e+02 1.340009845788496705e+03
-8.178219341693178649e+03 -2.489839051213062078e+02 1.615777987541346874e+03
-8.177099861604603575e+03 -2.423873702060728874e+02 1.764100649367987216e+03
-8.266462445657551143e+03 -1.172654618907493074e+02 1.571512514588995373e+03
-8.616961512041665628e+03 -1.032187833931354106e+02 1.573869131345272081e+03
-8.430398123603010390e+03 -2.245849376573173686e+02 1.807732821559291779e+03
-8.161506586518011318e+03 -4.623785680616617810e+02 1.579544343824765519e+03
-8.434449287677809480e+03 -5.033063114184189430e+02 1.659623710451388206e+03
-8.378118560719743982e+03 -4.281989789170625613e+02 1.892816871393882820e+03
