-8.113917135609057368e+03 -2.075919050260010295e+02 1.097639094295759151e+03
-8.149562317857618837e+03 -6.389332303768409815e+01 1.097811805651483610e+03
-8.174775710219917528e+03 -1.798603668244150455e+01 6.388572557238619538e+02
-8.137029166293467824e+03 7.811212525994967848e+01 2.937386435711942454e+02
-8.142948662428716489e+03 1.006922266066154208e+02 2.211395920282757857e+02
-8.090958545124272860e+03 -3.669705781459455807e+02 1.107903053344105274e+03
-8.141653295592881477e+03 -4.622309054268977775e+02 6.566130961159250319e+02
-8.050928754839156682e+03 -4.683507441782376191e+02 2.961320434784816484e+02
-8.064842234452405137e+03 -5.147486310448152835e+02 2.248225765889854131e+02
-8.135446521932320138e+03 -2.348308592504610317e+02 1.409797007766801471e+03
-8.203110290908934985e+03 -2.657824830389120621e+02 1.693963918523963457e+03
-8.211259831686029429e+03 -2.490013591860604834e+02 1.865027506009211720e+03
-8.290195145372586921e+03 -1.097022572198684003e+02 1.631727414179626521e+03
-8.320204891890856743e+03 5.454949918758750016e+01 1.366339690149582793e+03
-8.591697579326446430e+03 -4.918237053497907141e+01 1.210827717655947481e+03
-8.059432210015516830e+03 -4.255539232883246541e+02 1.619239258649815383e+03
-8.014397514719891660e+03 -5.152138713802348775e+02 1.357797597318674434e+03
-8.207943583133395805e+03 -7.251498571775272239e+02 1.204286819529567765e+03
