-8.094192882120188187e+03 -1.593987808939237425e+02 9.907396222846242608e+02
-8.120067255579258017e+03 -2.480294826704910083e+00 9.843910118163267953e+02
-8.352094255237418110e+03 7.011147372760567009e+01 6.448606203542473168e+02
-8.231274837659249897e+03 5.310103850721470309e+01 3.310491268278075836e+02
-8.240213204270898132e+03 5.532405767819223286e+01 2.655056026305762771e+02
-8.066431507080416850e+03 -3.422191228154376859e+02 9.950878221763521196e+02
-8.257847065215681141e+03 -5.112422423603790094e+02 6.474489232003815005e+02
-8.104338270947067940e+03 -4.946756531543257438e+02 2.937712706913221155e+02
-8.118931884143936259e+03 -5.288661701588147253e+02 2.225104401930742313e+02
-8.133602236820944199e+03 -1.436550999353781606e+02 1.253456510697458043e+03
-8.271659848743622206e+03 -1.888846025075311275e+02 1.529285501768572431e+03
-8.255801799466904413e+03 -1.638143687115948524e+02 1.709812621279309042e+03
-8.239200098582321516e+03 -1.203837282669029030e+01 1.468092810343998508e+03
-8.369602282355615898e+03 9.204546843685842816e+01 1.202716727335497353e+03
-8.638147787464346038e+03 -1.551501733302561092e+02 1.246483080594903413e+03
-8.202228704337900126e+03 -3.924033527123499425e+02 1.474613868708606788e+03
-8.326667534226151474e+03 -4.792993814871311997e+02 1.225076453939655266e+03
-8.649851122556143309e+03 -3.505506462195895665e+02 1.249340499721724655e+03
