-8.099248157338657620e+03 -2.009593583325719806e+02 1.105493106749431490e+03
-8.142445752481181444e+03 -6.547818937524418459e+01 1.104700039566333771e+03
-8.170620926022118510e+03 -9.167574879084641637e+00 6.661950904197261707e+02
-8.116706515606600078e+03 9.084633911348393553e+01 3.031740218596338536e+02
-8.136878096510537944e+03 9.847517621418931810e+01 2.310548254057045767e+02
-8.064135188948329414e+03 -3.564004572380203513e+02 1.101332242562375086e+03
-8.147192540007916250e+03 -4.596874538309648415e+02 6.846323053824697809e+02
-8.059476806048304752e+03 -4.908165991015007421e+02 2.825086120413140520e+02
-8.075631957350707125e+03 -5.231563915376951854e+02 2.143962923471310376e+02
-8.121997627083892439e+03 -2.297690210251761584e+02 1.399429955386940946e+03
-8.221267866110079922e+03 -2.802942784563695113e+02 1.678988161597587805e+03
-8.225000269486419711e+03 -2.549393562901234418e+02 1.859776705099647643e+03
-8.275652327294475981e+03 -9.878073647200571372e+01 1.621937295583955120e+03
-8.271241990425825861e+03 6.170616537627567766e+01 1.372944121209440937e+03
-8.554612368778743985e+03 3.975552996728873723e+01 1.143913309587456979e+03
-8.039797162345847028e+03 -4.382016476182468523e+02 1.610295084977778743e+03
-7.999136932495259316e+03 -5.122678643976278181e+02 1.328627587846055349e+03
-8.100758258867295808e+03 -7.187077245368965350e+02 1.120044186910477038e+03
