-8.054685476711696538e+03 -1.770877526303134175e+02 9.356293420104674396e+02
-8.074948140012132171e+03 -3.010511577829425889e+01 9.260536693909594987e+02
-8.381445097151992741e+03 8.194827678059913012e+01 6.394105508868211700e+02
-8.253545584712781420e+03 4.436734124245219846e+01 3.429102898877388270e+02
-8.260968029051979101e+03 6.154990456591249881e+01 2.787282389400401144e+02
-8.046236512605401003e+03 -3.604126861123379513e+02 9.397968851300594224e+02
-8.274970683346840815e+03 -5.590681046683873774e+02 6.238465061334613893e+02
-8.113608406548771200e+03 -5.097882896111783566e+02 2.989631982760434994e+02
-8.117822226925574796e+03 -5.333911663231398279e+02 2.227864254501994026e+02
-8.114079754198419323e+03 -1.943313768212450157e+02 1.197082210445699729e+03
-8.234479555370971866e+03 -2.425294992794649431e+02 1.456378152450717835e+03
-8.263586825670061444e+03 -2.227203286232418407e+02 1.627586414293182997e+03
-8.252100271095514472e+03 -5.858524780431387313e+01 1.392281736671536009e+03
-8.491063413105450309e+03 1.483477712106255009e+00 1.131317420212329125e+03
-8.671717387084245274e+03 -1.809592715618309740e+02 1.362063080541307045e+03
-8.201622472550867315e+03 -4.359492933060691939e+02 1.392777186450131467e+03
-8.404832560479781023e+03 -5.416995282849404703e+02 1.236828589692939431e+03
-8.681407390741331255e+03 -3.883303207893814601e+02 1.364365338562453417e+03
