-6.270261059870374993e+03 3.155698354727163405e+03 6.151670681324275165e+02
-6.205889262997000515e+03 3.290111759832273947e+03 5.952957341706103307e+02
-6.079058998859455642e+03 3.289483691898910365e+03 1.656491699817691767e+02
-6.063850787655757813e+03 3.282404926631882518e+03 -1.834573277580626609e+02
-6.061158762870484679e+03 3.287344849594199786e+03 -2.494109403017755824e+02
-6.402153344636482871e+03 3.000696311673496893e+03 6.654066822876309288e+02
-6.594796506205916558e+03 2.835517583913468115e+03 2.420233322586315694e+02
-6.635194251059381713e+03 2.714209154567873156e+03 -1.312938852093748210e+02
-6.725420791135797117e+03 2.680195563109375598e+03 -1.768316323133255139e+02
-6.324964039679395682e+03 3.192483497834689842e+03 9.470131903085026579e+02
-6.310030354740129042e+03 3.226670595813648106e+03 1.225069518420712939e+03
-6.269162502843811126e+03 3.266620552479105299e+03 1.396554418717310682e+03
-6.191654628335005327e+03 3.391750508908472966e+03 1.129065736316627408e+03
-6.045121463845744984e+03 3.504817172995305555e+03 8.540833188421598834e+02
-6.318270487425968895e+03 3.450285076110769751e+03 7.531903621525035533e+02
-6.467429120467096254e+03 3.019040968985839754e+03 1.212904279877332101e+03
-6.531460987133399613e+03 2.872642382431708938e+03 9.666989067044796684e+02
-6.978883164627030965e+03 2.722264619014751588e+03 9.074440913469479710e+02
