-8.121490742550528921e+03 -2.277229002308093015e+02 1.089391991156755239e+03
-8.151586836362262147e+03 -9.337363874021750121e+01 1.086529096470853801e+03
-8.179919664920523246e+03 -3.972278086361448146e+01 6.582343338634469774e+02
-8.123371255722161550e+03 7.891533629956028051e+01 2.927669725675650056e+02
-8.132129213155640173e+03 1.037376826888774843e+02 2.179145224902406994e+02
-8.104568248880173996e+03 -3.723547671308951976e+02 1.085747097022342359e+03
-8.146192134758708562e+03 -4.681322676167033592e+02 6.661912547924262071e+02
-8.063167585875684381e+03 -4.916515633859042396e+02 2.976526329905879606e+02
-8.073991881292235121e+03 -5.121439247122169718e+02 2.205650345059787298e+02
-8.125979901250540024e+03 -2.343597287145498740e+02 1.406681821866258588e+03
-8.233131385921033143e+03 -2.911486228026961953e+02 1.687902916977431232e+03
-8.234566115529873059e+03 -2.792223585062560574e+02 1.865347156742394645e+03
-8.275811996275742786e+03 -1.106350361098756991e+02 1.635917348807813369e+03
-8.174311389534981572e+03 7.243570334729220406e+01 1.383757971936086506e+03
-8.240129463521583602e+03 2.013615297216535680e+02 1.096231633651816537e+03
-8.058288788942099018e+03 -4.478904095904641167e+02 1.601845091751980135e+03
-7.903058426279374544e+03 -4.526975711667421365e+02 1.351747715716325956e+03
-7.783783643858331743e+03 -5.691622261176323718e+02 1.094477408691734809e+03
