-8.095861638939221848e+03 -1.737348236820602381e+02 9.778982722582182987e+02
-8.091683395191598720e+03 -1.307162811120481827e+01 9.739183057473746885e+02
-8.359280744328016226e+03 6.527689254477179759e+01 6.470897302332788286e+02
-8.254588039462809320e+03 5.372837349297121534e+01 3.391361094598663612e+02
-8.256335165884307571e+03 5.995633384836986579e+01 2.717569369509274679e+02
-8.079615627344138375e+03 -3.526429261038175014e+02 9.974797322179059620e+02
-8.281615395028951752e+03 -5.275256010801103912e+02 6.430810657611330043e+02
-8.116172593388204405e+03 -5.008638304227749245e+02 2.986968110239083103e+02
-8.118121632584136023e+03 -5.245703921454173724e+02 2.373367246840874145e+02
-8.133641966794260952e+03 -1.784901634631590071e+02 1.260199679789647689e+03
-8.243910528530037482e+03 -1.973673166552864302e+02 1.519983231106890116e+03
-8.330060751267465093e+03 -2.228838990223088103e+02 1.721220298600040678e+03
-8.237378070422440942e+03 -2.250245283576396815e+01 1.459015304706962297e+03
-8.390245475868206995e+03 6.533665901331151815e+01 1.202737274078448081e+03
-8.634364861205451234e+03 -1.503172584027555843e+02 1.302314609135547016e+03
-8.204693340024155987e+03 -4.016220526401058351e+02 1.461763089381564669e+03
-8.357449276599372752e+03 -3.948691037567156172e+02 1.276458935909939328e+03
-8.601891872374730156e+03 -4.832894370262103507e+02 1.269209615903102986e+03
