-8.153500847846161378e+03 -2.258557906289503876e+02 1.110662011638681633e+03
-8.181449236970976017e+03 -8.939148748637079223e+01 1.103925013984706538e+03
-8.270508754187751038e+03 -1.312111548486597223e-01 6.985863446672896089e+02
-8.208942804179223458e+03 4.489244247219421169e+01 3.669106436499542951e+02
-8.208189309477815186e+03 7.245233141709415747e+01 2.867538853174576730e+02
-8.105950472572714716e+03 -3.628375702499700424e+02 1.109598115217228496e+03
-8.180027664302223457e+03 -4.674461136019108380e+02 6.859032961292897426e+02
-8.090873829070889769e+03 -4.953039291522233043e+02 3.166965582106911370e+02
-8.088071945163796954e+03 -5.131661091037401548e+02 2.390890192047927201e+02
-8.141815354164951714e+03 -2.289731167149168698e+02 1.410061718905313228e+03
-8.182992399916322938e+03 -2.482799056705793816e+02 1.700757627306709765e+03
-8.147980197724437858e+03 -2.153863267677025704e+02 1.873002231959571191e+03
-8.263557862797752023e+03 -1.145223490010858001e+02 1.656291786180350528e+03
-8.617182250566233051e+03 -1.182235173767709995e+02 1.716804319128763609e+03
-8.511479242520783373e+03 -2.755557845808708635e+02 1.987829753545726817e+03
-8.139482025056764542e+03 -4.686538976338739531e+02 1.673759930580142282e+03
-8.361979464632790041e+03 -5.023229646436005282e+02 1.795891016621137851e+03
-8.419031143398347922e+03 -4.413550252979311495e+02 2.059289108880529966e+03
