-8.165810731016952559e+03 -2.624934511816700251e+02 1.086385121549242513e+03
-8.206383668785483678e+03 -1.328755936314803137e+02 1.090060875633692149e+03
-8.215714487534662112e+03 -3.529750542795823520e+01 6.640245040398440324e+02
-8.118533038529162695e+03 9.011084168370014424e+01 2.943144144509126932e+02
-8.133924544541529031e+03 1.106442825335594762e+02 2.162496944923808542e+02
-8.121856142328140777e+03 -4.017353865147509850e+02 1.093008733724680724e+03
-8.198225018931922023e+03 -5.348747637875036389e+02 6.782380976406504942e+02
-8.098520349165888547e+03 -4.533555329864972805e+02 2.887961155145558223e+02
-8.109613994898474630e+03 -4.846929936220410013e+02 2.245920236873230920e+02
-8.183671821787341287e+03 -2.937182057139926883e+02 1.385146545878857523e+03
-8.284941265833449506e+03 -3.747400723595328600e+02 1.667027948686724812e+03
-8.286889180666337779e+03 -3.909833805533703526e+02 1.832593488399385478e+03
-8.370912329502772991e+03 -2.049610588456178277e+02 1.602878230565379454e+03
-8.357351137978686893e+03 -3.164315142768874978e+01 1.329719263049081064e+03
-8.438406837896602156e+03 -6.948902084002061486e+01 1.051164944601522393e+03
-8.100089269485500154e+03 -5.078695944847890473e+02 1.582095820617173786e+03
-7.934650124198694357e+03 -5.091656936509551770e+02 1.303463463242351509e+03
-7.863131076859312088e+03 -6.152210293889946797e+02 1.040301751322283280e+03
